119 127
8 0 8

2 1 x3 x5 21 XOR 
2 1 x0 x6 20 XOR 
2 1 x0 x3 16 XOR
2 1 x0 x5 15 XOR 
2 1 x1 x2 29 XOR 
2 1 29 x7 8 XOR
2 1 8 x3 11 XOR 
2 1 20 21 19 XOR 
2 1 8 x0 9 XOR
2 1 8 x6 12 XOR 
2 1 12 15 10 XOR 
2 1 x4 19 30 XOR
2 1 30 x5 22 XOR 
2 1 30 x1 27 XOR 
2 1 22 x7 13 XOR
2 1 22 29 17 XOR 
2 1 27 16 18 XOR 
2 1 x7 18 14 XOR
2 1 17 18 24 XOR 
2 1 17 15 26 XOR 
2 1 29 18 23 XOR
2 1 20 23 28 XOR 
2 1 x0 23 25 XOR
2 1 19 22 31 AND 
2 1 10 13 32 AND 
2 1 32 31 33 XOR
2 1 11 x7 34 AND 
2 1 34 31 35 XOR 
2 1 20 23 36 AND
2 1 12 8 37 AND 
2 1 37 36 38 XOR 
2 1 9 14 39 AND
2 1 39 36 40 XOR 
2 1 16 18 41 AND 
2 1 21 24 42 AND
2 1 42 41 43 XOR 
2 1 15 17 44 AND 
2 1 44 41 45 XOR
2 1 33 43 46 XOR 
2 1 35 45 47 XOR 
2 1 38 43 48 XOR
2 1 40 45 49 XOR 
2 1 46 27 50 XOR 
2 1 47 26 51 XOR
2 1 48 28 52 XOR 
2 1 49 25 53 XOR
2 1 50 51 54 XOR 
2 1 50 52 55 AND 
2 1 53 55 56 XOR
2 1 54 56 57 AND 
2 1 57 51 58 XOR 
2 1 52 53 59 XOR
2 1 51 55 60 XOR 
2 1 60 59 61 AND 
2 1 61 53 62 XOR
2 1 52 62 63 XOR 
2 1 56 62 64 XOR 
2 1 53 64 65 AND
2 1 65 63 66 XOR 
2 1 56 65 67 XOR 
2 1 58 67 68 AND
2 1 54 68 69 XOR
2 1 69 66 70 XOR 
2 1 58 62 71 XOR 
2 1 58 69 72 XOR
2 1 62 66 73 XOR 
2 1 71 70 74 XOR 
2 1 73 22 101 AND
2 1 66 13 102 AND 
2 1 62 x7 103 AND 
2 1 72 23 104 AND
2 1 69 8 105 AND 
2 1 58 14 106 AND 
2 1 71 18 107 AND
2 1 74 24 108 AND 
2 1 70 17 109 AND 
2 1 73 19 110 AND
2 1 66 10 111 AND 
2 1 62 11 112 AND 
2 1 72 20 113 AND
2 1 69 12 114 AND 
2 1 58 9 115 AND 
2 1 71 16 116 AND
2 1 74 21 117 AND 
2 1 70 15 118 AND
2 1 116 117 75 XOR 
2 1 111 112 76 XOR 
2 1 106 114 77 XOR
2 1 110 111 78 XOR 
2 1 103 113 79 XOR 
2 1 103 106 80 XOR
2 1 108 109 81 XOR 
2 1 101 104 82 XOR 
2 1 107 108 83 XOR
2 1 117 118 84 XOR 
2 1 113 77 85 XOR 
2 1 79 82 86 XOR
2 1 105 75 87 XOR 
2 1 104 83 88 XOR 
2 1 75 86 89 XOR
2 1 115 86 90 XOR 
2 1 81 87 91 XOR 
2 1 78 87 92 XOR
2 1 105 88 93 XOR 
2 1 90 91 94 XOR 
2 1 102 92 95 XOR
2 1 88 92 s0 XOR 
2 1 85 91 97 XOR 
1 1 97 s6 INV
2 1 77 89 98 XOR
1 1 98 s7 INV
2 1 93 94 96 XOR 
2 1 82 95 s3 XOR 
2 1 80 95 s4 XOR
2 1 76 94 s5 XOR 
2 1 93 s3 99 XOR 
1 1 99 s1 INV
2 1 84 96 100 XOR
1 1 100 s2 INV
