128 384
128 128 128

2 1 0 128 256 AND
2 1 1 129 257 AND
2 1 2 130 258 AND
2 1 3 131 259 AND
2 1 4 132 260 AND
2 1 5 133 261 AND
2 1 6 134 262 AND
2 1 7 135 263 AND
2 1 8 136 264 AND
2 1 9 137 265 AND
2 1 10 138 266 AND
2 1 11 139 267 AND
2 1 12 140 268 AND
2 1 13 141 269 AND
2 1 14 142 270 AND
2 1 15 143 271 AND
2 1 16 144 272 AND
2 1 17 145 273 AND
2 1 18 146 274 AND
2 1 19 147 275 AND
2 1 20 148 276 AND
2 1 21 149 277 AND
2 1 22 150 278 AND
2 1 23 151 279 AND
2 1 24 152 280 AND
2 1 25 153 281 AND
2 1 26 154 282 AND
2 1 27 155 283 AND
2 1 28 156 284 AND
2 1 29 157 285 AND
2 1 30 158 286 AND
2 1 31 159 287 AND
2 1 32 160 288 AND
2 1 33 161 289 AND
2 1 34 162 290 AND
2 1 35 163 291 AND
2 1 36 164 292 AND
2 1 37 165 293 AND
2 1 38 166 294 AND
2 1 39 167 295 AND
2 1 40 168 296 AND
2 1 41 169 297 AND
2 1 42 170 298 AND
2 1 43 171 299 AND
2 1 44 172 300 AND
2 1 45 173 301 AND
2 1 46 174 302 AND
2 1 47 175 303 AND
2 1 48 176 304 AND
2 1 49 177 305 AND
2 1 50 178 306 AND
2 1 51 179 307 AND
2 1 52 180 308 AND
2 1 53 181 309 AND
2 1 54 182 310 AND
2 1 55 183 311 AND
2 1 56 184 312 AND
2 1 57 185 313 AND
2 1 58 186 314 AND
2 1 59 187 315 AND
2 1 60 188 316 AND
2 1 61 189 317 AND
2 1 62 190 318 AND
2 1 63 191 319 AND
2 1 64 192 320 AND
2 1 65 193 321 AND
2 1 66 194 322 AND
2 1 67 195 323 AND
2 1 68 196 324 AND
2 1 69 197 325 AND
2 1 70 198 326 AND
2 1 71 199 327 AND
2 1 72 200 328 AND
2 1 73 201 329 AND
2 1 74 202 330 AND
2 1 75 203 331 AND
2 1 76 204 332 AND
2 1 77 205 333 AND
2 1 78 206 334 AND
2 1 79 207 335 AND
2 1 80 208 336 AND
2 1 81 209 337 AND
2 1 82 210 338 AND
2 1 83 211 339 AND
2 1 84 212 340 AND
2 1 85 213 341 AND
2 1 86 214 342 AND
2 1 87 215 343 AND
2 1 88 216 344 AND
2 1 89 217 345 AND
2 1 90 218 346 AND
2 1 91 219 347 AND
2 1 92 220 348 AND
2 1 93 221 349 AND
2 1 94 222 350 AND
2 1 95 223 351 AND
2 1 96 224 352 AND
2 1 97 225 353 AND
2 1 98 226 354 AND
2 1 99 227 355 AND
2 1 100 228 356 AND
2 1 101 229 357 AND
2 1 102 230 358 AND
2 1 103 231 359 AND
2 1 104 232 360 AND
2 1 105 233 361 AND
2 1 106 234 362 AND
2 1 107 235 363 AND
2 1 108 236 364 AND
2 1 109 237 365 AND
2 1 110 238 366 AND
2 1 111 239 367 AND
2 1 112 240 368 AND
2 1 113 241 369 AND
2 1 114 242 370 AND
2 1 115 243 371 AND
2 1 116 244 372 AND
2 1 117 245 373 AND
2 1 118 246 374 AND
2 1 119 247 375 AND
2 1 120 248 376 AND
2 1 121 249 377 AND
2 1 122 250 378 AND
2 1 123 251 379 AND
2 1 124 252 380 AND
2 1 125 253 381 AND
2 1 126 254 382 AND
2 1 127 255 383 AND
